1 0.0069556 0.00138592 0.00160509
2 0.00901493 0.00320252 0.00199897
3 0.0513384 0.00703954 0.0106012
4 0.0513384 0.0131504 0.0137709
5 0.0513384 0.026794 0.0165547
6 0.0513384 0.0426775 0.0133227
7 0.0563625 0.0515896 0.00109497
8 0.0563625 0.0518408 0.00150722
9 0.0563625 0.0523432 0.00200963
10 0.0563625 0.0523508 0.00200612
11 0.0563641 0.053112 0.00238576
12 0.0563641 0.0536255 0.00246848
13 0.0563641 0.0546229 0.00231683
14 0.0563667 0.0553613 0.00193768
15 0.0563696 0.0563365 8.24571e-005
16 0.0563696 0.0563635 1.73858e-006
17 0.0563776 0.0563649 3.37109e-006
18 0.0563776 0.0563657 3.16447e-006
19 0.0706442 0.0570802 0.00311181
20 0.0706442 0.0577947 0.00428316
21 0.0706442 0.0585088 0.00509788
22 0.0706467 0.0599382 0.00618141
23 0.0706467 0.0625581 0.00691165
24 0.0706488 0.0661273 0.00646505
25 0.0706488 0.06896 0.00406311
26 0.0706488 0.0706451 1.48151e-006
27 0.0706488 0.0706459 1.50241e-006
28 0.070651 0.0706469 1.66168e-006
29 0.070651 0.0706475 1.77105e-006
30 0.0706535 0.0706482 1.91767e-006
31 0.0706535 0.0706491 1.95821e-006
32 0.0706535 0.0706495 1.9407e-006
33 0.0706553 0.0706508 2.16473e-006
34 0.0706553 0.070651 2.04028e-006
35 0.0706556 0.0706516 2.16956e-006
36 0.0706556 0.0706528 1.83907e-006
37 0.0706556 0.0706532 1.62986e-006
38 0.0706556 0.0706534 1.54744e-006
39 0.0706556 0.0706539 1.08305e-006
40 0.0706556 0.0706541 8.18789e-007
41 0.0706556 0.0706542 7.52586e-007
42 0.0706556 0.0706546 6.94143e-007
43 0.0706557 0.0706549 5.83808e-007
44 0.0706557 0.0706551 5.04986e-007
45 0.0706557 0.0706551 4.69774e-007
46 0.0706557 0.0706552 4.53405e-007
47 0.0706557 0.0706554 3.43699e-007
48 0.0706557 0.0706554 2.81938e-007
49 0.0706557 0.0706555 1.73047e-007
50 0.0706557 0.0706555 1.66964e-007
